  0.000500, -0.000000, -0.000000
  0.000500, -0.000000, -0.000000
  0.000500, -0.000000, -0.000000
  0.000500, -0.000000, -0.000000
  0.000500, -0.000000, -0.000000
  0.000500, -0.000000, -0.000000
  0.000500, -0.000000, -0.000000
  0.000500, -0.000000, -0.000000
  0.000500, -0.000000, -0.000000
  0.000500, -0.000000, -0.000000
 -0.000000,  0.000500, -0.000000
 -0.000000,  0.000500, -0.000000
 -0.000000,  0.000500, -0.000000
 -0.000000,  0.000500, -0.000000
 -0.000000,  0.000500, -0.000000
 -0.000500, -0.000000, -0.000000
 -0.000500, -0.000000, -0.000000
 -0.000500, -0.000000, -0.000000
 -0.000500, -0.000000, -0.000000
 -0.000500, -0.000000, -0.000000
 -0.000500, -0.000000, -0.000000
 -0.000500, -0.000000, -0.000000
 -0.000500, -0.000000, -0.000000
 -0.000500, -0.000000, -0.000000
 -0.000500, -0.000000, -0.000000
 -0.000000, -0.000500, -0.000000
 -0.000000, -0.000500, -0.000000
 -0.000000, -0.000500, -0.000000
 -0.000000, -0.000500, -0.000000
 -0.000000, -0.000500, -0.000000
  0.000500, -0.000000, -0.000000
  0.000500, -0.000000, -0.000000
  0.000500, -0.000000, -0.000000
  0.000500, -0.000000, -0.000000
  0.000500, -0.000000, -0.000000
  0.000500, -0.000000, -0.000000
  0.000500, -0.000000, -0.000000
  0.000500, -0.000000, -0.000000
  0.000500, -0.000000, -0.000000
  0.000500, -0.000000, -0.000000
 -0.000000,  0.000500, -0.000000
 -0.000000,  0.000500, -0.000000
 -0.000000,  0.000500, -0.000000
 -0.000000,  0.000500, -0.000000
 -0.000000,  0.000500, -0.000000
 -0.000500, -0.000000, -0.000000
 -0.000500, -0.000000, -0.000000
 -0.000500, -0.000000, -0.000000
 -0.000500, -0.000000, -0.000000
 -0.000500, -0.000000, -0.000000
 -0.000500, -0.000000, -0.000000
 -0.000500, -0.000000, -0.000000
 -0.000500, -0.000000, -0.000000
 -0.000500, -0.000000, -0.000000
 -0.000500, -0.000000, -0.000000
 -0.000000, -0.000500, -0.000000
 -0.000000, -0.000500, -0.000000
 -0.000000, -0.000500, -0.000000
 -0.000000, -0.000500, -0.000000
 -0.000000, -0.000500, -0.000000
  0.000500, -0.000000, -0.000000
  0.000500, -0.000000, -0.000000
  0.000500, -0.000000, -0.000000
  0.000500, -0.000000, -0.000000
  0.000500, -0.000000, -0.000000
  0.000500, -0.000000, -0.000000
  0.000500, -0.000000, -0.000000
  0.000500, -0.000000, -0.000000
  0.000500, -0.000000, -0.000000
  0.000500, -0.000000, -0.000000
 -0.000000,  0.000500, -0.000000
 -0.000000,  0.000500, -0.000000
 -0.000000,  0.000500, -0.000000
 -0.000000,  0.000500, -0.000000
 -0.000000,  0.000500, -0.000000
 -0.000500, -0.000000, -0.000000
 -0.000500, -0.000000, -0.000000
 -0.000500, -0.000000, -0.000000
 -0.000500, -0.000000, -0.000000
 -0.000500, -0.000000, -0.000000
 -0.000500, -0.000000, -0.000000
 -0.000500, -0.000000, -0.000000
 -0.000500, -0.000000, -0.000000
 -0.000500, -0.000000, -0.000000
 -0.000500, -0.000000, -0.000000
 -0.000000, -0.000500, -0.000000
 -0.000000, -0.000500, -0.000000
 -0.000000, -0.000500, -0.000000
 -0.000000, -0.000500, -0.000000
 -0.000000, -0.000500, -0.000000
  0.000500, -0.000000, -0.000000
  0.000500, -0.000000, -0.000000
  0.000500, -0.000000, -0.000000
  0.000500, -0.000000, -0.000000
  0.000500, -0.000000, -0.000000
  0.000500, -0.000000, -0.000000
  0.000500, -0.000000, -0.000000
  0.000500, -0.000000, -0.000000
  0.000500, -0.000000, -0.000000
  0.000500, -0.000000, -0.000000
 -0.000000,  0.000500, -0.000000
 -0.000000,  0.000500, -0.000000
 -0.000000,  0.000500, -0.000000
 -0.000000,  0.000500, -0.000000
 -0.000000,  0.000500, -0.000000
 -0.000500, -0.000000, -0.000000
 -0.000500, -0.000000, -0.000000
 -0.000500, -0.000000, -0.000000
 -0.000500, -0.000000, -0.000000
 -0.000500, -0.000000, -0.000000
 -0.000500, -0.000000, -0.000000
 -0.000500, -0.000000, -0.000000
 -0.000500, -0.000000, -0.000000
 -0.000500, -0.000000, -0.000000
 -0.000500, -0.000000, -0.000000
 -0.000000, -0.000500, -0.000000
 -0.000000, -0.000500, -0.000000
 -0.000000, -0.000500, -0.000000
 -0.000000, -0.000500, -0.000000
 -0.000000, -0.000500, -0.000000
  0.000500, -0.000000, -0.000000
  0.000500, -0.000000, -0.000000
  0.000500, -0.000000, -0.000000
  0.000500, -0.000000, -0.000000
  0.000500, -0.000000, -0.000000
  0.000500, -0.000000, -0.000000
  0.000500, -0.000000, -0.000000
  0.000500, -0.000000, -0.000000
  0.000500, -0.000000, -0.000000
  0.000500, -0.000000, -0.000000
 -0.000000,  0.000500, -0.000000
 -0.000000,  0.000500, -0.000000
 -0.000000,  0.000500, -0.000000
 -0.000000,  0.000500, -0.000000
 -0.000000,  0.000500, -0.000000
 -0.000500, -0.000000, -0.000000
 -0.000500, -0.000000, -0.000000
 -0.000500, -0.000000, -0.000000
 -0.000500, -0.000000, -0.000000
 -0.000500, -0.000000, -0.000000
 -0.000500, -0.000000, -0.000000
 -0.000500, -0.000000, -0.000000
 -0.000500, -0.000000, -0.000000
 -0.000500, -0.000000, -0.000000
 -0.000500, -0.000000, -0.000000
 -0.000000, -0.000500, -0.000000
 -0.000000, -0.000500, -0.000000
 -0.000000, -0.000500, -0.000000
 -0.000000, -0.000500, -0.000000
 -0.000000, -0.000500, -0.000000
  0.000500, -0.000000, -0.000000
  0.000500, -0.000000, -0.000000
  0.000500, -0.000000, -0.000000
  0.000500, -0.000000, -0.000000
  0.000500, -0.000000, -0.000000
  0.000500, -0.000000, -0.000000
  0.000500, -0.000000, -0.000000
  0.000500, -0.000000, -0.000000
  0.000500, -0.000000, -0.000000
  0.000500, -0.000000, -0.000000
 -0.000000,  0.000500, -0.000000
 -0.000000,  0.000500, -0.000000
 -0.000000,  0.000500, -0.000000
 -0.000000,  0.000500, -0.000000
 -0.000000,  0.000500, -0.000000
 -0.000500, -0.000000, -0.000000
 -0.000500, -0.000000, -0.000000
 -0.000500, -0.000000, -0.000000
 -0.000500, -0.000000, -0.000000
 -0.000500, -0.000000, -0.000000
 -0.000500, -0.000000, -0.000000
 -0.000500, -0.000000, -0.000000
 -0.000500, -0.000000, -0.000000
 -0.000500, -0.000000, -0.000000
 -0.000500, -0.000000, -0.000000
 -0.000000, -0.000500, -0.000000
 -0.000000, -0.000500, -0.000000
 -0.000000, -0.000500, -0.000000
 -0.000000, -0.000500, -0.000000
 -0.000000, -0.000500, -0.000000
  0.000500, -0.000000, -0.000000
  0.000500, -0.000000, -0.000000
  0.000500, -0.000000, -0.000000
  0.000500, -0.000000, -0.000000
  0.000500, -0.000000, -0.000000
  0.000500, -0.000000, -0.000000
  0.000500, -0.000000, -0.000000
  0.000500, -0.000000, -0.000000
  0.000500, -0.000000, -0.000000
  0.000500, -0.000000, -0.000000
 -0.000000,  0.000500, -0.000000
 -0.000000,  0.000500, -0.000000
 -0.000000,  0.000500, -0.000000
 -0.000000,  0.000500, -0.000000
 -0.000000,  0.000500, -0.000000
 -0.000500, -0.000000, -0.000000
 -0.000500, -0.000000, -0.000000
 -0.000500, -0.000000, -0.000000
 -0.000500, -0.000000, -0.000000
 -0.000500, -0.000000, -0.000000
 -0.000500, -0.000000, -0.000000
 -0.000500, -0.000000, -0.000000
 -0.000500, -0.000000, -0.000000
 -0.000500, -0.000000, -0.000000
 -0.000500, -0.000000, -0.000000
 -0.000000, -0.000500, -0.000000
 -0.000000, -0.000500, -0.000000
 -0.000000, -0.000500, -0.000000
 -0.000000, -0.000500, -0.000000
 -0.000000, -0.000500, -0.000000
  0.000500, -0.000000, -0.000000
  0.000500, -0.000000, -0.000000
  0.000500, -0.000000, -0.000000
  0.000500, -0.000000, -0.000000
  0.000500, -0.000000, -0.000000
  0.000500, -0.000000, -0.000000
  0.000500, -0.000000, -0.000000
  0.000500, -0.000000, -0.000000
  0.000500, -0.000000, -0.000000
  0.000500, -0.000000, -0.000000
 -0.000000,  0.000500, -0.000000
 -0.000000,  0.000500, -0.000000
 -0.000000,  0.000500, -0.000000
 -0.000000,  0.000500, -0.000000
 -0.000000,  0.000500, -0.000000
 -0.000500, -0.000000, -0.000000
 -0.000500, -0.000000, -0.000000
 -0.000500, -0.000000, -0.000000
 -0.000500, -0.000000, -0.000000
 -0.000500, -0.000000, -0.000000
 -0.000500, -0.000000, -0.000000
 -0.000500, -0.000000, -0.000000
 -0.000500, -0.000000, -0.000000
 -0.000500, -0.000000, -0.000000
 -0.000500, -0.000000, -0.000000
 -0.000000, -0.000500, -0.000000
 -0.000000, -0.000500, -0.000000
 -0.000000, -0.000500, -0.000000
 -0.000000, -0.000500, -0.000000
 -0.000000, -0.000500, -0.000000
  0.000500, -0.000000, -0.000000
  0.000500, -0.000000, -0.000000
  0.000500, -0.000000, -0.000000
  0.000500, -0.000000, -0.000000
  0.000500, -0.000000, -0.000000
  0.000500, -0.000000, -0.000000
  0.000500, -0.000000, -0.000000
  0.000500, -0.000000, -0.000000
  0.000500, -0.000000, -0.000000
  0.000500, -0.000000, -0.000000
 -0.000000,  0.000500, -0.000000
 -0.000000,  0.000500, -0.000000
 -0.000000,  0.000500, -0.000000
 -0.000000,  0.000500, -0.000000
 -0.000000,  0.000500, -0.000000
 -0.000500, -0.000000, -0.000000
 -0.000500, -0.000000, -0.000000
 -0.000500, -0.000000, -0.000000
 -0.000500, -0.000000, -0.000000
 -0.000500, -0.000000, -0.000000
 -0.000500, -0.000000, -0.000000
 -0.000500, -0.000000, -0.000000
 -0.000500, -0.000000, -0.000000
 -0.000500, -0.000000, -0.000000
 -0.000500, -0.000000, -0.000000
 -0.000000, -0.000500, -0.000000
 -0.000000, -0.000500, -0.000000
 -0.000000, -0.000500, -0.000000
 -0.000000, -0.000500, -0.000000
 -0.000000, -0.000500, -0.000000
  0.000500, -0.000000, -0.000000
  0.000500, -0.000000, -0.000000
  0.000500, -0.000000, -0.000000
  0.000500, -0.000000, -0.000000
  0.000500, -0.000000, -0.000000
  0.000500, -0.000000, -0.000000
  0.000500, -0.000000, -0.000000
  0.000500, -0.000000, -0.000000
  0.000500, -0.000000, -0.000000
  0.000500, -0.000000, -0.000000
 -0.000000,  0.000500, -0.000000
 -0.000000,  0.000500, -0.000000
 -0.000000,  0.000500, -0.000000
 -0.000000,  0.000500, -0.000000
 -0.000000,  0.000500, -0.000000
 -0.000500, -0.000000, -0.000000
 -0.000500, -0.000000, -0.000000
 -0.000500, -0.000000, -0.000000
 -0.000500, -0.000000, -0.000000
 -0.000500, -0.000000, -0.000000
 -0.000500, -0.000000, -0.000000
 -0.000500, -0.000000, -0.000000
 -0.000500, -0.000000, -0.000000
 -0.000500, -0.000000, -0.000000
 -0.000500, -0.000000, -0.000000
 -0.000000, -0.000500, -0.000000
 -0.000000, -0.000500, -0.000000
 -0.000000, -0.000500, -0.000000
 -0.000000, -0.000500, -0.000000
 -0.000000, -0.000500, -0.000000
  0.000500, -0.000000, -0.000000
  0.000500, -0.000000, -0.000000
  0.000500, -0.000000, -0.000000
  0.000500, -0.000000, -0.000000
  0.000500, -0.000000, -0.000000
  0.000500, -0.000000, -0.000000
  0.000500, -0.000000, -0.000000
  0.000500, -0.000000, -0.000000
  0.000500, -0.000000, -0.000000
  0.000500, -0.000000, -0.000000
 -0.000000,  0.000500, -0.000000
 -0.000000,  0.000500, -0.000000
 -0.000000,  0.000500, -0.000000
 -0.000000,  0.000500, -0.000000
 -0.000000,  0.000500, -0.000000
 -0.000500, -0.000000, -0.000000
 -0.000500, -0.000000, -0.000000
 -0.000500, -0.000000, -0.000000
 -0.000500, -0.000000, -0.000000
 -0.000500, -0.000000, -0.000000
 -0.000500, -0.000000, -0.000000
 -0.000500, -0.000000, -0.000000
 -0.000500, -0.000000, -0.000000
 -0.000500, -0.000000, -0.000000
 -0.000500, -0.000000, -0.000000
 -0.000000, -0.000500, -0.000000
 -0.000000, -0.000500, -0.000000
 -0.000000, -0.000500, -0.000000
 -0.000000, -0.000500, -0.000000
 -0.000000, -0.000500, -0.000000
  0.000500, -0.000000, -0.000000
  0.000500, -0.000000, -0.000000
  0.000500, -0.000000, -0.000000
  0.000500, -0.000000, -0.000000
  0.000500, -0.000000, -0.000000
  0.000500, -0.000000, -0.000000
  0.000500, -0.000000, -0.000000
  0.000500, -0.000000, -0.000000
  0.000500, -0.000000, -0.000000
  0.000500, -0.000000, -0.000000
 -0.000000,  0.000500, -0.000000
 -0.000000,  0.000500, -0.000000
 -0.000000,  0.000500, -0.000000
 -0.000000,  0.000500, -0.000000
 -0.000000,  0.000500, -0.000000
 -0.000500, -0.000000, -0.000000
 -0.000500, -0.000000, -0.000000
 -0.000500, -0.000000, -0.000000
 -0.000500, -0.000000, -0.000000
 -0.000500, -0.000000, -0.000000
 -0.000500, -0.000000, -0.000000
 -0.000500, -0.000000, -0.000000
 -0.000500, -0.000000, -0.000000
 -0.000500, -0.000000, -0.000000
 -0.000500, -0.000000, -0.000000
 -0.000000, -0.000500, -0.000000
 -0.000000, -0.000500, -0.000000
 -0.000000, -0.000500, -0.000000
 -0.000000, -0.000500, -0.000000
 -0.000000, -0.000500, -0.000000
  0.000500, -0.000000, -0.000000
  0.000500, -0.000000, -0.000000
  0.000500, -0.000000, -0.000000
  0.000500, -0.000000, -0.000000
  0.000500, -0.000000, -0.000000
  0.000500, -0.000000, -0.000000
  0.000500, -0.000000, -0.000000
  0.000500, -0.000000, -0.000000
  0.000500, -0.000000, -0.000000
  0.000500, -0.000000, -0.000000
 -0.000000,  0.000500, -0.000000
 -0.000000,  0.000500, -0.000000
 -0.000000,  0.000500, -0.000000
 -0.000000,  0.000500, -0.000000
 -0.000000,  0.000500, -0.000000
 -0.000500, -0.000000, -0.000000
 -0.000500, -0.000000, -0.000000
 -0.000500, -0.000000, -0.000000
 -0.000500, -0.000000, -0.000000
 -0.000500, -0.000000, -0.000000
 -0.000500, -0.000000, -0.000000
 -0.000500, -0.000000, -0.000000
 -0.000500, -0.000000, -0.000000
 -0.000500, -0.000000, -0.000000
 -0.000500, -0.000000, -0.000000
 -0.000000, -0.000500, -0.000000
 -0.000000, -0.000500, -0.000000
 -0.000000, -0.000500, -0.000000
 -0.000000, -0.000500, -0.000000
 -0.000000, -0.000500, -0.000000
  0.000750, -0.000000, -0.000000
  0.000750, -0.000000, -0.000000
  0.000750, -0.000000, -0.000000
  0.000750, -0.000000, -0.000000
  0.000750, -0.000000, -0.000000
  0.000750, -0.000000, -0.000000
  0.000750, -0.000000, -0.000000
  0.000750, -0.000000, -0.000000
  0.000750, -0.000000, -0.000000
  0.000750, -0.000000, -0.000000
 -0.000000,  0.000750, -0.000000
 -0.000000,  0.000750, -0.000000
 -0.000000,  0.000750, -0.000000
 -0.000000,  0.000750, -0.000000
 -0.000000,  0.000750, -0.000000
 -0.000750, -0.000000, -0.000000
 -0.000750, -0.000000, -0.000000
 -0.000750, -0.000000, -0.000000
 -0.000750, -0.000000, -0.000000
 -0.000750, -0.000000, -0.000000
 -0.000750, -0.000000, -0.000000
 -0.000750, -0.000000, -0.000000
 -0.000750, -0.000000, -0.000000
 -0.000750, -0.000000, -0.000000
 -0.000750, -0.000000, -0.000000
 -0.000000, -0.000750, -0.000000
 -0.000000, -0.000750, -0.000000
 -0.000000, -0.000750, -0.000000
 -0.000000, -0.000750, -0.000000
 -0.000000, -0.000750, -0.000000
  0.001000, -0.000000, -0.000000
  0.001000, -0.000000, -0.000000
  0.001000, -0.000000, -0.000000
  0.001000, -0.000000, -0.000000
  0.001000, -0.000000, -0.000000
  0.001000, -0.000000, -0.000000
  0.001000, -0.000000, -0.000000
  0.001000, -0.000000, -0.000000
  0.001000, -0.000000, -0.000000
  0.001000, -0.000000, -0.000000
 -0.000000,  0.001000, -0.000000
 -0.000000,  0.001000, -0.000000
 -0.000000,  0.001000, -0.000000
 -0.000000,  0.001000, -0.000000
 -0.000000,  0.001000, -0.000000
 -0.001000, -0.000000, -0.000000
 -0.001000, -0.000000, -0.000000
 -0.001000, -0.000000, -0.000000
 -0.001000, -0.000000, -0.000000
 -0.001000, -0.000000, -0.000000
 -0.001000, -0.000000, -0.000000
 -0.001000, -0.000000, -0.000000
 -0.001000, -0.000000, -0.000000
 -0.001000, -0.000000, -0.000000
 -0.001000, -0.000000, -0.000000
 -0.000000, -0.001000, -0.000000
 -0.000000, -0.001000, -0.000000
 -0.000000, -0.001000, -0.000000
 -0.000000, -0.001000, -0.000000
 -0.000000, -0.001000, -0.000000
  0.001000, -0.000000, -0.000000
  0.001000, -0.000000, -0.000000
  0.001000, -0.000000, -0.000000
  0.001000, -0.000000, -0.000000
  0.001000, -0.000000, -0.000000
  0.001000, -0.000000, -0.000000
  0.001000, -0.000000, -0.000000
  0.001000, -0.000000, -0.000000
  0.001000, -0.000000, -0.000000
  0.001000, -0.000000, -0.000000
 -0.000000,  0.001000, -0.000000
 -0.000000,  0.001000, -0.000000
 -0.000000,  0.001000, -0.000000
 -0.000000,  0.001000, -0.000000
 -0.000000,  0.001000, -0.000000
 -0.001000, -0.000000, -0.000000
 -0.001000, -0.000000, -0.000000
 -0.001000, -0.000000, -0.000000
 -0.001000, -0.000000, -0.000000
 -0.001000, -0.000000, -0.000000
 -0.001000, -0.000000, -0.000000
 -0.001000, -0.000000, -0.000000
 -0.001000, -0.000000, -0.000000
 -0.001000, -0.000000, -0.000000
 -0.001000, -0.000000, -0.000000
 -0.000000, -0.001000, -0.000000
 -0.000000, -0.001000, -0.000000
 -0.000000, -0.001000, -0.000000
 -0.000000, -0.001000, -0.000000
 -0.000000, -0.001000, -0.000000
  0.000625, -0.000000, -0.000000
  0.000625, -0.000000, -0.000000
  0.000625, -0.000000, -0.000000
  0.000625, -0.000000, -0.000000
  0.000625, -0.000000, -0.000000
  0.000625, -0.000000, -0.000000
  0.000625, -0.000000, -0.000000
  0.000625, -0.000000, -0.000000
  0.000625, -0.000000, -0.000000
  0.000625, -0.000000, -0.000000
 -0.000000,  0.000625, -0.000000
 -0.000000,  0.000625, -0.000000
 -0.000000,  0.000625, -0.000000
 -0.000000,  0.000625, -0.000000
 -0.000000,  0.000625, -0.000000
 -0.000625, -0.000000, -0.000000
 -0.000625, -0.000000, -0.000000
 -0.000625, -0.000000, -0.000000
 -0.000625, -0.000000, -0.000000
 -0.000625, -0.000000, -0.000000
 -0.000625, -0.000000, -0.000000
 -0.000625, -0.000000, -0.000000
 -0.000625, -0.000000, -0.000000
 -0.000625, -0.000000, -0.000000
 -0.000625, -0.000000, -0.000000
 -0.000000, -0.000625, -0.000000
 -0.000000, -0.000625, -0.000000
 -0.000000, -0.000625, -0.000000
 -0.000000, -0.000625, -0.000000
 -0.000000, -0.000625, -0.000000
